name,ra,dec,half_light_radius(arcmin),helio_dist(kpc)
IC 4499,225.077,-82.214,1.71,18.8
E 3,140.238,-77.282,2.1,8.1
NGC 4372,186.439,-72.659,3.91,5.8
NGC 6101,246.45,-72.202,1.05,15.4
NGC 104,6.024,-72.081,3.17,4.5
NGC 4833,194.891,-70.876,2.41,6.6
NGC 362,15.809,-70.849,0.82,8.6
NGC 6362,262.979,-67.048,2.05,7.6
NGC 2808,138.013,-64.863,0.8,9.6
NGC 6752,287.717,-59.985,1.91,4.0
Lynga 7,242.765,-55.318,1.2,8.0
NGC 1261,48.068,-55.216,0.68,16.3
NGC 6397,265.175,-53.674,2.9,2.3
NGC 6584,274.657,-52.216,0.73,13.5
NGC 5286,206.612,-51.374,0.73,11.7
Rup 106,189.667,-51.15,1.05,21.2
NGC 5927,232.003,-50.673,1.1,7.7
NGC 5946,233.869,-50.66,0.89,10.6
BH 176,234.781,-50.053,0.9,18.9
AM 1,58.76,-49.615,0.41,123.3
NGC 6352,261.371,-48.422,2.05,5.6
NGC 5139,201.697,-47.48,5.0,5.2
FSR 1735,253.044,-47.058,0.34,9.8
ESO-SC06,272.275,-46.423,1.05,21.4
NGC 3201,154.403,-46.412,3.1,4.9
NGC 6388,264.072,-44.736,0.52,9.9
NGC 6496,269.765,-44.266,1.02,11.3
NGC 6541,272.01,-43.715,1.06,7.5
NGC 1851,78.528,-40.047,0.51,12.1
NGC 6380,263.617,-39.069,0.74,10.9
NGC 6139,246.918,-38.849,0.85,10.1
Ton 2,264.044,-38.553,1.3,8.2
NGC 5986,236.512,-37.786,0.98,10.4
Pyxis,136.991,-37.221,-9999.0,39.4
NGC 6256,254.886,-37.121,0.86,10.3
NGC 6441,267.554,-37.051,0.57,11.6
NGC 6723,284.888,-36.632,1.53,8.7
NGC 2298,102.248,-36.005,0.98,10.8
Terzan 3,247.167,-35.353,1.25,8.2
Terzan 7,289.433,-34.658,0.77,22.8
NGC 6453,267.715,-34.599,0.44,11.6
Terzan 8,295.435,-33.999,0.95,26.3
Liller 1,263.352,-33.389,-9999.0,8.2
NGC 5824,225.994,-33.068,0.45,32.1
Djorg 1,266.868,-33.066,1.59,13.7
NGC 6652,278.94,-32.991,0.48,10.0
NGC 6637,277.846,-32.348,0.84,8.8
NGC 6681,280.803,-32.292,0.71,9.0
NGC 6569,273.412,-31.827,0.8,10.9
NGC 6558,272.573,-31.764,2.15,7.4
Terzan 4,262.662,-31.596,1.85,7.2
Terzan 6,267.693,-31.275,0.44,6.8
NGC 6809,294.999,-30.965,2.83,5.4
Terzan 2,261.888,-30.802,1.52,7.5
NGC 6715,283.764,-30.48,0.82,26.5
Terzan 1,263.949,-30.47,3.82,6.7
NGC 6624,275.919,-30.361,0.82,7.9
Arp 2,292.184,-30.356,1.77,28.6
NGC 6266,255.303,-30.114,0.92,6.8
NGC 6528,271.207,-30.056,0.38,7.9
NGC 6522,270.892,-30.034,1.0,7.7
HP 1,262.772,-29.982,3.1,8.2
NGC 6304,258.634,-29.462,1.42,5.9
BH 261,273.528,-28.635,0.55,6.5
1636-283,249.856,-28.399,0.5,8.3
NGC 6316,259.155,-28.14,0.65,10.4
Djorg 2,270.455,-27.826,1.05,6.3
NGC 6540,271.536,-27.765,-9999.0,5.3
AM 4,209.09,-27.168,0.43,32.2
Terzan 9,270.412,-26.84,0.78,7.1
NGC 4590,189.867,-26.744,1.51,10.3
NGC 288,13.188,-26.583,2.23,8.9
NGC 6293,257.543,-26.582,0.89,9.5
NGC 5694,219.901,-26.539,0.4,35.0
NGC 6121,245.897,-26.526,4.33,2.2
NGC 6355,260.994,-26.353,0.88,9.2
NGC 6273,255.658,-26.268,1.32,8.8
Pal 6,265.926,-26.222,1.2,5.8
Terzan 10,270.902,-26.072,1.55,5.8
NGC 6144,246.808,-26.024,1.63,8.9
NGC 6553,272.323,-25.909,1.03,6.0
NGC 6638,277.734,-25.497,0.51,9.4
NGC 6544,271.836,-24.997,1.21,3.0
NGC 6626,276.137,-24.87,1.97,5.5
Terzan 5,267.02,-24.779,0.72,6.9
NGC 6284,256.119,-24.765,0.66,15.3
NGC 1904,81.046,-24.525,0.65,12.9
UKS 1,268.613,-24.145,-9999.0,7.8
NGC 6401,264.652,-23.909,1.91,10.6
NGC 6656,279.1,-23.905,3.36,3.2
NGC 6325,259.497,-23.766,0.63,7.8
NGC 6642,277.975,-23.475,0.73,8.1
NGC 7099,325.092,-23.18,1.03,8.1
NGC 6093,244.26,-22.976,0.61,10.0
Terzan 12,273.066,-22.742,0.75,4.8
NGC 6287,256.288,-22.708,0.74,9.4
NGC 6717,283.775,-22.701,0.68,7.1
NGC 6235,253.355,-22.177,1.0,11.5
NGC 6864,301.52,-21.921,0.46,20.9
Pal 12,326.662,-21.253,1.72,19.0
Eridanus,66.185,-21.187,0.46,90.1
NGC 5897,229.352,-21.01,2.06,12.5
2MS-GC02,272.402,-20.779,0.55,4.9
NGC 6440,267.22,-20.36,0.48,8.5
2MS-GC01,272.091,-19.83,1.65,3.6
Pal 8,280.375,-19.826,0.58,12.8
NGC 6342,260.292,-19.587,0.73,8.5
NGC 6333,259.797,-18.516,0.96,7.9
NGC 6356,260.896,-17.813,0.81,15.1
GLIMPSE02,274.627,-16.977,-9999.0,5.5
NGC 7492,347.111,-15.612,1.15,26.3
NGC 6171,248.133,-13.054,1.73,6.4
NGC 6981,313.365,-12.537,0.93,17.0
NGC 6517,270.46,-8.959,0.5,10.6
NGC 6712,283.268,-8.706,1.33,6.9
Pal 11,296.31,-8.007,1.46,13.4
NGC 6539,271.207,-7.586,1.7,7.8
IC 1276,272.684,-7.208,2.38,5.4
IC 1257,261.785,-7.093,1.4,25.0
NGC 5634,217.405,-5.976,0.86,25.2
NGC 6366,261.934,-5.08,2.92,3.5
NGC 6254,254.288,-4.1,1.95,4.4
Whiting 1,30.737,-3.253,0.22,30.1
NGC 6402,264.4,-3.246,1.3,9.3
NGC 6218,251.809,-1.949,1.77,4.8
GLIMPSE01,282.207,-1.497,0.65,4.2
NGC 7089,323.363,-0.823,1.06,11.5
Pal 15,254.962,-0.539,1.1,45.1
NGC 6535,270.96,-0.298,0.85,6.8
Pal 5,229.022,-0.112,2.73,23.2
Pal 3,151.383,0.072,0.65,92.5
NGC 6760,287.8,1.03,1.27,7.4
NGC 6749,286.314,1.901,1.1,7.9
NGC 5904,229.638,2.081,1.77,7.5
NGC 6426,266.228,3.17,0.92,20.6
NGC 6934,308.547,7.404,0.69,15.6
NGC 7078,322.493,12.167,1.0,10.4
Ko 1,179.827,12.26,0.26,48.3
Pal 13,346.685,12.772,0.36,26.0
Pal 14,242.752,14.958,1.22,76.5
NGC 7006,315.372,16.187,0.44,41.2
NGC 5053,199.113,17.7,2.61,17.4
NGC 5024,198.23,18.168,1.31,17.9
NGC 4147,182.526,18.543,0.48,19.3
Pal 10,289.509,18.572,0.99,5.9
NGC 6838,298.444,18.779,1.67,4.0
Ko 2,119.571,26.255,0.21,34.7
NGC 5272,205.548,28.377,2.31,10.2
NGC 5466,211.364,28.534,2.3,16.0
Pal 4,172.32,28.974,0.51,108.7
NGC 6779,289.148,30.183,1.1,9.4
Pal 2,71.525,31.382,0.5,27.2
NGC 6205,250.422,36.46,1.69,7.1
NGC 2419,114.535,38.882,0.89,82.6
NGC 6341,259.281,43.136,1.02,8.3
NGC 6229,251.745,47.528,0.36,30.5
Pal 1,53.333,79.581,0.46,11.1
